   1  10   1   0  0.3048625E+03  0.6000000E+03
  CAR 
 NiAl                                    
   0   0   0
   1   1
 256 256 256
 256
  0.1000000E-09
  0.6250000E-11
   1
  0.1000000E-14  0.1450000E-08  0.1450000E-08  0.1450000E-08
  0.6969521E+04  0.6969521E+04
  0.000
  0.000
  0.000
  0.000
  0.000
  0.000
  0.000
  0.000
  0.000
  0.000
  0.000
  0.000
  0.000
  0.000
  0.000
 21.996
 51.084
 63.190
 60.725
 31.875
 45.768
 18.742
  0.000
  0.000
  0.000
  0.000
  0.000
  0.000
  0.000
  0.000
  0.000
  0.160
  0.226
  0.425
  0.501
  0.378
  0.716
  0.594
  0.778
  0.611
  0.485
  0.438
  0.396
  0.819
  0.803
  0.518
  0.570
  0.669
  0.693
  0.698
  0.826
  1.064
  1.024
  0.944
  1.231
  1.510
  1.606
  0.866
  1.127
  1.190
  1.281
  1.219
  1.201
  1.104
  1.070
  1.038
  1.007
  1.247
  1.525
  1.777
  1.511
  1.034
  1.142
  1.089
  1.024
  1.046
  1.127
  1.118
  0.980
  1.025
  1.049
  1.101
  1.039
  1.095
  1.058
  1.131
  1.147
  1.474
  1.543
  1.325
  0.995
  0.926
  0.646
  0.809
  0.899
  0.959
  0.768
  0.707
  0.774
  1.040
  1.070
  0.903
  0.881
  0.965
  0.950
  0.721
  0.911
  0.764
  0.699
  0.650
  0.752
  0.694
  0.807
  0.768
  0.706
  0.769
  0.820
  0.809
  0.790
  0.732
  0.753
  0.705
  0.699
  0.599
  0.600
  0.611
  0.703
  0.638
  0.592
  0.716
  0.896
  0.722
  0.763
  0.765
  0.646
  0.736
  0.657
  0.687
  0.694
  0.696
  0.719
  0.635
  0.671
  0.681
  0.683
  0.676
  0.659
  0.720
  0.780
  0.790
  0.805
  0.746
  0.749
  0.784
  0.944
  0.799
  0.865
  0.851
  0.910
  0.762
  0.875
  0.767
  0.831
  0.955
  0.815
  0.759
  0.764
  0.598
  0.601
  0.582
  0.581
  0.577
  0.700
  0.697
  0.694
  0.626
  0.730
  0.671
  0.709
  0.704
  0.808
  0.730
  0.716
  0.687
  0.603
  0.654
  0.675
  0.709
  0.699
  0.814
  0.843
  0.813
  0.794
  0.726
  0.730
  0.766
  0.907
  0.799
  0.732
  0.786
  0.761
  0.761
  0.816
  0.853
  0.804
  0.846
  0.765
  0.679
  0.616
  0.699
  0.781
  0.819
  0.829
  0.934
  0.958
  1.035
  0.989
  1.049
  0.947
  0.858
  0.898
  0.890
  0.825
  0.828
  0.909
  0.925
  0.952
  1.017
  1.059
  1.293
  1.381
  1.417
  1.351
  1.431
  1.493
  1.385
  1.122
  1.135
  1.235
  1.143
  1.156
  1.134
  0.996
  1.122
  1.144
  1.187
  1.229
  1.272
  1.186
  1.118
  1.045
  1.014
  0.926
  0.863
  0.932
  0.868
